c11={ 111, 112, 113 }
c12={ 121, 122, 123 }
c13={131, 132, 133}
c21={ 211, 212, 213 }
c22={ 221, 222, 223 }
c23={231, 232, 233}
c31={311, 312, 313}
c32={321, 322, 323}
c33={331, 332, 333}


!{(111,121), (111, 131), (112,122), (112, 132), (113,123), (113, 133), 
  (121, 111), (121, 131), (122, 112), (122, 132), (123, 113), (123, 133),
  (131,121), (131, 111), (132,122), (132, 112), (133,123), (133, 113),
  
  (211,221), (211,231), (212,222), (212,232), (213,223), (213,233),
   (221,211), (221, 231), (222,212), (222, 232), (223,213), (223, 233),
   (231,221), (231, 211), (232,222), (232, 212), (233,223), (233, 213),
   
   (311, 321), (311,331), (312, 322), (312,332), (313, 323), (313,333),
   (321, 311), (321, 331), (322, 312), (322, 332), (323, 313), (323, 333),
   (331, 321), (331,311), (332, 322), (332,312), (333, 323), (333,313),
   
   
   
   (111,211), (111, 311), (112,212), (112, 312), (113,213), (113, 313),
   (211,111), (211, 311), (212,112), (212, 312), (213,113), (213, 313),
   (311, 211), (311, 111),(312, 212), (312, 112), (313, 213), (313, 113),
   
   (121, 221), (121, 321),   (122, 222), (122, 322), (123, 223), (123, 323),
   (221, 121), (221, 321), (222, 122), (222, 322), (223, 123), (223, 323),
   (321, 221), (321, 121), (322, 222), (322, 122), (323, 223), (323, 123),
   
   (131, 231), (131, 331), (132, 232), (132, 332), (133, 233), (133, 333),
   (231, 131), (231,331), (232, 132), (232,332), (233, 133), (233,333),
   (331,231), (331, 131),(332,232), (332, 132), (333,233), (333, 133)}
